0.130416
0.132960
0.132096
0.132233
0.131284
0.132254
0.132317
0.133037
0.133010
0.130755
0.134565
0.131225
0.128187
0.133367
0.134174
0.132319
0.131790
0.132551
0.131831
0.133469
0.132531
0.130961
0.133362
0.132322
0.132558
0.132310
0.134510
0.132403
0.132905
0.130318
0.131863
0.129203
0.132517
0.131274
0.134005
0.128759
0.133129
0.132670
0.129411
0.132607
0.132725
0.131733
0.131478
0.133213
0.132284
0.132936
0.132243
0.133937
0.132075
0.132022
0.132647
0.131367
0.131522
0.132819
0.130849
0.133737
0.130582
0.131899
0.132407
0.133271
0.131801
0.133984
0.129622
0.131444
0.130413
0.132513
0.131769
0.132537
0.131669
0.132695
0.131040
0.133058
0.131989
0.133000
0.131015
0.132019
0.133021
0.133021
0.131988
0.131129
0.132404
0.131396
0.131777
0.133003
0.133571
0.131524
0.129572
0.134690
0.133077
0.132361
0.132583
0.131736
0.133581
0.131498
0.132354
0.132835
0.130948
0.132063
0.131133
0.133333
