0.134435
0.134804
0.130896
0.132195
0.131805
0.133237
0.132053
0.130877
0.132594
0.131987
0.132641
0.135154
0.132968
0.132319
0.134536
0.132549
0.133044
0.126808
0.133973
0.135223
0.134635
0.132730
0.129903
0.135590
0.132849
0.133503
0.131370
0.133322
0.135039
0.130667
0.132007
0.131016
0.130412
0.134660
0.133540
0.134667
0.135022
0.131934
0.132607
0.126807
0.133238
0.132838
0.129448
0.131789
0.130683
0.133329
0.134132
0.127009
0.132723
0.134197
0.132636
0.134108
0.134290
0.135530
0.134885
0.132038
0.131465
0.132448
0.133076
0.135361
0.134665
0.133021
0.132088
0.134142
0.131533
0.132752
0.134871
0.135427
0.132685
0.132244
0.133440
0.128464
0.131258
0.132976
0.134069
0.129544
0.132079
0.133080
0.130669
0.133354
0.128374
0.133148
0.134035
0.127235
0.132677
0.133620
0.136605
0.132139
0.133406
0.131787
0.127524
0.131712
0.130575
0.130743
0.126832
0.131859
0.133618
0.132763
0.132531
0.130459
